30
2.8444939659281285
0.42378136763469754 0.26018753322317495 0.094856957953713031
0.88874176486843448 0.10944660098707158 0.10944659998707384
0.48954456242509126 0.90900447195111744 0.09280716119337809
0.12301489873249442 0.46516511969810409 0.12301489773249162
0.3073265299868389 0.91236968998322321 0.089441943161265233
0.93010372160259092 0.71968121527561191 0.068084643252909638
0.39228597874580989 0.75671647624084915 0.087888344386450101
0.098218130111706853 0.68500408902022181 0.098218129111699193
0.10944660098707418 0.89236503315741988 0.10944659998707232
0.7210312475950087 0.38494631327608719 0.09325524555161667
0.6808987995294733 0.90317580702137679 0.098635826123113501
0.46290316861098019 0.5883772072216733 0.094662736131750594
0.65512093840017205 0.5654613995484824 0.098916201937564729
0.34306742745533636 0.4363502345960113 0.098916201937564355
0.7598307313204985 0.22965186678039437 0.066812755778337646
0.10946792269504439 0.10946792269504452 0.10946792169504396
0.88872044316046273 0.89234371144944802 0.10946792169504439
0.53528519724452839 0.4134344269228219 0.094662736131751579
0.23274239103536601 0.27476804506465724 0.096737618967655606
0.068084644252912968 0.28213041886888179 0.068084643252911803
0.69086183586866257 0.089441944161267342 0.089441943161266871
0.23835763453500639 0.77215976736410019 0.066812755778336702
0.27715711826049916 0.61686532086840851 0.093255245551617738
0.76544597482014309 0.72704358907983457 0.096737618967655481
0.31728956632603245 0.09863582712311765 0.098635826123113696
0.50864380343041393 0.092807162193377812 0.092807161193375287
0.89997023574380641 0.31680754512427078 0.098218129111702579
0.57440699822080998 0.74162410092131847 0.094856957953712587
0.87517346712301503 0.53664651444639111 0.12301489773249161
0.60590238710969813 0.24509515790364517 0.087888344386448242
