29
2.7926397270705987
0.11391047651400568 0.11391047651400904 0.11391047551400638
0.71929827559238113 0.41470015116403969 0.074428666692441886
0.53340535217593943 0.098912419205262378 0.098912418205259714
0.10920970840500428 0.91276902645843416 0.10920970740500247
0.2808384696575148 0.63815910402969567 0.094490030898451774
0.68475629285307171 0.60249367167872159 0.11651518609905252
0.070391594378559422 0.29300084335645515 0.070391593378556855
0.54977796460141148 0.43754213192912467 0.096623640873824759
0.099077650221142635 0.70472825082234447 0.099077649221139388
0.56992674038071289 0.77505690715757114 0.090762155547182755
0.85558253390995076 0.27263195308820448 0.12243873022660985
0.66319234945939654 0.93101929147127194 0.090959442392166356
0.87854288825644899 0.6978874568977661 0.099478375880111089
0.63666729828536028 0.26494420496591203 0.096611450918624303
0.47125779940979462 0.61490604853025721 0.097343818391411874
0.23892079856146933 0.79386147871903656 0.066756118308326839
0.35217758267674365 0.45531875567667046 0.10177474442362229
0.73145779594602434 0.78412409167500585 0.07102318293290287
0.44068739081218622 0.27443994422457735 0.099598368400541717
0.12594575603116465 0.48131464928591422 0.12594575503116273
0.72799120145482699 0.095699948050662495 0.095699947050658887
0.33105777514431517 0.10348686006556682 0.10348685906556561
0.30549317877882742 0.93378327565405039 0.088195458209389524
0.39223081271061533 0.78150772806963076 0.087050824296738952
0.48296304510951543 0.93270102587575532 0.089277707987681809
0.90038434535843981 0.077636919778121746 0.077636918778120054
0.87588356660938782 0.49628892251680801 0.10213769752717214
0.24105262707208019 0.28642752536472993 0.10039598400761444
0.86551444472929839 0.90947191445617437 0.11250681940725872
