20
2.3057138615024603
0.49143275800366631 0.7159508700130286 0.10967667313364465
0.29643964270450235 0.72909575834357454 0.085759001970196397
0.49143275800366709 0.30118361397963928 0.10967667313364572
0.13570021603586743 0.88143426795679936 0.1357002150358656
0.13570021603586754 0.13570021603586618 0.13570021503586582
0.63266149723589982 0.50856724199633507 0.14122873923223037
0.68642587330283023 0.72909575834357532 0.085759001970195911
0.84716529997146528 0.88143426795679958 0.13570021503586593
0.864003365242209 0.38970509223120914 0.11886214976512145
0.38077836558217237 0.90648009057117263 0.11065439242149326
0.35020401877143442 0.50856724199633374 0.14122873923223142
0.68642587330283222 0.28803872564909277 0.085759001970196147
0.11886215076512374 0.62742939176145662 0.1188621497651219
0.29643964270450257 0.28803872564909133 0.085759001970197313
0.1188621507651241 0.3897050922312098 0.11886214976512237
0.60208715042516248 0.90648009057117307 0.11065439242149337
0.84716529997146517 0.13570021603586613 0.13570021503586627
0.38077836558217176 0.11065439342149508 0.11065439242149314
0.6020871504251617 0.11065439342149498 0.11065439242149157
0.864003365242209 0.62742939176145596 0.11886214976512179
