24
2.5356969159964882
0.3672826483868305 0.11155758239869433 0.11155758139869272
0.10514776660865392 0.36031104678547593 0.1051477656086533
0.12815000837836041 0.12815000837836035 0.12815000737836074
0.85547318889740198 0.77814320065252185 0.10220726967363439
0.47884022978552432 0.32630915488296108 0.13044103812627411
0.68496727369141719 0.27927444501997972 0.08098417834819116
0.85243073154815474 0.57070851471108874 0.1052497270228856
0.8525326929623871 0.36031104678547576 0.10514776560865338
0.10220727067363919 0.77814320065252185 0.10220726967363673
0.66971112948664602 0.46531901068644499 0.10568486126474999
0.081565979289825133 0.96075356113913379 0.08156597828982444
0.27271318587962606 0.27927444501998 0.080984178348192631
0.82953045119268354 0.12815000837836096 0.12815000737835852
0.28464787522380619 0.9159118835629424 0.12640765586601413
0.47884022978552221 0.96773807853588911 0.074581460893066845
0.28796933008439707 0.46531901068644582 0.10568486126474978
0.47884022978552171 0.7858287632277341 0.10732785441508388
0.10524972802288818 0.57070851471108996 0.10524972702288597
0.4788402297855221 0.56762555091094347 0.11087535790170332
0.59039781118421697 0.11155758239869269 0.11155758139869175
0.28968907746133127 0.68027757023532331 0.10928057747917337
0.67303258434723845 0.9159118835629424 0.12640765586601427
0.87611448028121919 0.9607535611391318 0.081565978289823565
0.6679913821097142 0.68027757023532442 0.10928057747917373
