27
2.6915233606710185
0.43544588055401867 0.64000150370523567 0.10280478585939705
0.9621573497210778 0.46174933358658338 0.11434398210575289
0.64105545227281635 0.28349716346793197 0.10280478585939654
0.53825066641341435 0.46174933358658315 0.10296853638526091
0.53825066641341457 0.10402567505545106 0.10402567405544726
0.33198504761982917 0.46174933358658393 0.10329708240831864
0.74720453592004088 0.10493015400847515 0.10493015300847044
1.009112804015474 0.63731097652939583 0.067388527811353779
0.74720453592004199 0.81856851316469403 0.104930153008473
0.23370974928151297 0.28499932719913068 0.098936938027036334
0.8427915835453188 0.28499932719912985 0.098936938027037527
0.11224493308042299 0.11224493308042541 0.11224493208042149
1.0091128040154766 0.28618769064377181 0.067388527811354168
0.11224493308042768 0.81125373409274437 0.11224493208041963
0.64105545227281435 0.64000150370523723 0.10280478585939663
0.32929679690678859 0.8185685131646937 0.10493015300847251
0.84279158354531802 0.63849933997403929 0.098936938027036403
0.96425639974640598 0.11224493308042488 0.11224493208042186
0.11434398310575315 0.4617493335865846 0.11434398210575067
0.23370974928151364 0.63849933997403796 0.098936938027036458
0.32929679690678948 0.104930154008473 0.10493015300847157
0.43544588055401601 0.28349716346793113 0.10280478585939795
0.96425639974640809 0.81125373409274215 0.11224493208042118
0.53825066641341723 0.81947299211771807 0.10402567405544785
0.067388528811355472 0.63731097652939539 0.067388527811352891
0.067388528811354972 0.28618769064377275 0.067388527811352822
0.74451628520700053 0.46174933358658415 0.1032970824083202
