19
2.2415652737070639
0.4071265576972028 0.12195735520751534 0.12195735420751373
0.74218734546112763 0.48193388978833257 0.10480946791842541
0.55832448650925548 0.61111665416506622 0.1198986483434695
0.75238521613698917 0.66910713386798359 0.082641378613727071
0.7511712618354548 0.29315892253832049 0.084179153468321735
0.14300318121030778 0.143003181210307 0.14300318021030498
0.9255175184439034 0.5896824528672755 0.10783978595158064
0.10032926580841361 0.86631342879610118 0.10032926480841219
0.534158407943502 0.35173991578343045 0.14060143182300622
0.33231173959585236 0.52158978114954369 0.12319973248058619
0.89965357026553372 0.13370373512995218 0.13370373412995007
0.63835187918855285 0.84209356367162647 0.12454912993288665
0.92544921022197035 0.37393458355575737 0.10790809417351399
0.12142656797385845 0.64556345083282385 0.1214265669738567
0.35481178187579321 0.80527065747016435 0.16137203613434903
0.30692981451532075 0.30935627222272316 0.090546155040514997
0.89801709204987268 0.83130248125890216 0.13534021234561222
0.64772977181509017 0.11866834006825418 0.11866833906825144
0.1195916090827825 0.40455226098160024 0.11959160808278117
