25
2.5925376898234096
0.34696269170598926 0.48178918295542456 0.10811791881953466
0.45493588126144335 0.66860739478923481 0.10765801574119935
0.9615350568153801 0.48178918295542678 0.074886576273763134
0.77927355073578142 0.48178918295542672 0.10737492980583127
0.90930685684218793 0.67692185973654184 0.12711477624695813
0.11703354242543496 0.11703354242543415 0.11703354142543544
0.76997017405215484 0.10323154536422875 0.10323154436422279
0.90930685684218793 0.28665650617431176 0.12711477624695866
0.45493588126144546 0.29497097112161608 0.10765801574119933
0.76997017405215562 0.86034682054662648 0.10323154436422326
0.070335556653545003 0.66508828140153209 0.07033555565354252
0.11703354242543614 0.84654482348541571 0.11703354142543471
0.2439774120148171 0.29713691017627203 0.10331157220660744
0.95421386727821766 0.88137059909992166 0.082207765810928937
0.11942238694322543 0.48178918295542517 0.11942238594322316
0.55953378143215871 0.10724308161951222 0.10724308061951089
0.34311513645531522 0.10918427103180212 0.10918427003179998
0.67242500983501607 0.29266711895353936 0.10984331478921791
0.95421386727821944 0.082207766810930255 0.082207765810930616
0.34311513645531549 0.85439409487905005 0.10918427003179954
0.55953378143215826 0.85633528429133954 0.10724308061951142
0.67242500983501641 0.67091124695731352 0.10984331478921829
0.07033555665354406 0.29849008450931974 0.070335555653543241
0.56348961572773792 0.48178918295542644 0.10840900520220789
0.24397741201481735 0.66644145573457847 0.10331157220660722
