22
2.4251372715445991
0.84468265414998978 0.90479468481329495 0.12526132951835822
0.8947995649343895 0.71075664940270977 0.07514441873395554
0.26055571658738175 0.31805894520160366 0.11027102734443212
0.12526133051835775 0.12526133051835814 0.12526132951835617
0.36993957818921541 0.51502800766582646 0.11503241414495702
0.89479956493439017 0.31929936592894165 0.075144418733956456
0.70938826808096545 0.31805894520160277 0.11027102734443271
0.075144419733959703 0.71075664940270944 0.075144418733955665
0.12526133051835872 0.90479468481329506 0.1252613295183565
0.48497199233417504 0.71324895807523747 0.11414874015274298
0.26055571658738269 0.71199707013005076 0.11027102734443102
0.60000440647913256 0.5150280076658259 0.11503241414495666
0.60226216671367006 0.91276583995215854 0.11729017437949288
0.36768181795467841 0.11729017537949542 0.11729017437949373
0.36768181795467864 0.91276583995215665 0.11729017437949311
0.075144419733956525 0.31929936592894498 0.07514441873395554
0.84249040214622029 0.51502800766582568 0.12745358152212594
0.70938826808096789 0.71199707013005098 0.11027102734443185
0.48497199233417126 0.31680705725641461 0.11414874015274082
0.60226216671366883 0.11729017537949515 0.1172901743794935
0.12745358252212846 0.5150280076658269 0.12745358152212438
0.84468265414998878 0.12526133051835808 0.12526132951835633
