28
2.7409756000878951
0.94765552317225787 0.24793306652425595 0.094416724352601289
0.49806599689115999 0.85372701927187522 0.10420073120326366
0.4126854700746812 0.69553547606620125 0.075561330147987313
0.095690959864276351 0.32922222551151992 0.095690958864276435
0.33698231212787777 0.10282776198016293 0.10282776098015932
0.7701983124763464 0.12275069525482034 0.12275069425481813
0.92475633943650315 0.84061184238678399 0.11731590808835413
0.78108030841872433 0.53252649003855634 0.09555448819366491
0.964880736558832 0.077191511966026291 0.077191510966023891
0.62938677845018232 0.26239227540893917 0.075561330147988021
0.94638128866058058 0.6287055259636215 0.095690958864276601
0.78170892311242479 0.34108560720418013 0.09588742669655817
0.095333663931034998 0.52024651316012804 0.095333662931032084
0.43091795962109225 0.52134104370014211 0.099584677349733891
0.94673858459382176 0.43768123831501132 0.095333662931030613
0.70508993639698159 0.85509998949497779 0.1028277609801596
0.60437572295504505 0.65619166223706293 0.12012486950839558
0.54400625163370009 0.10420073220326556 0.10420073120326113
0.43769652556981331 0.30173608923807771 0.120124869508398
0.24893254210287688 0.25622899750221373 0.074047056507080281
0.79313970642198062 0.70169875397292591 0.074047056507078768
0.117315909088356 0.11731590908835636 0.11731590808835426
0.61115428890376566 0.43658670777499869 0.099584677349734349
0.26036332541243556 0.61684214427096096 0.095887426696558517
0.27187393604851395 0.83517705622031946 0.12275069425481781
0.26099194010613402 0.42540126143658341 0.09555448819366677
0.077191511966026014 0.88073623950911295 0.077191510966023696
0.094416725352602954 0.70999468495088236 0.094416724352597972
