23
2.4842395442979681
0.49632216641220522 0.5036778335877925 0.11434161085417424
0.49632216641220595 0.11074092245213284 0.11074092145213114
0.13296674558073232 0.70786806551814974 0.13296674458073185
0.13296674558073601 0.29948760165743971 0.13296674458073268
0.49632216641220572 0.89661474472345304 0.11074092145213191
0.381095844066557 0.70223344441845026 0.1152263223456472
0.61154848875785628 0.70223344441845148 0.11522632234564675
0.61154848875785583 0.30512222275713596 0.11522632234564704
0.85967758724367782 0.29948760165744009 0.13296674458073326
0.90681492861449076 0.92152626296566453 0.085829403209920066
0.27801762127871649 0.10758641485907745 0.10758641385907633
0.72326292948018089 0.50367783358779405 0.11259915221379718
0.085829404209922633 0.9215262629656622 0.085829403209917318
0.90681492861449087 0.08582940420992255 0.085829403209920635
0.85967758724367926 0.7078680655181474 0.13296674458073299
0.7146267115456969 0.10758641485907922 0.10758641385907868
0.078391126065214006 0.5036778335877935 0.078391125065214021
0.27801762127871499 0.89976925231651028 0.10758641385907837
0.26938140334422944 0.50367783358779483 0.11259915221379724
0.71462671154569679 0.89976925231650873 0.10758641385907795
0.38109584406655844 0.30512222275713446 0.11522632234564659
0.085829404209922952 0.085829404209922994 0.085829403209921176
0.91425320675919752 0.50367783358779383 0.078391125065213493
