26
2.6393205589877593
0.93848925481551737 0.82948902261334312 0.11601086028556755
0.29060497664089768 0.45100596336186621 0.10610440061385293
0.72154652385616858 0.10562494929028884 0.10562494829028526
0.094106454456122493 0.41262996999846036 0.094106453456118885
0.71429614060920388 0.46777981019800968 0.10595010203727774
0.5023820928925059 0.46307280180114557 0.1060162149749326
0.60429993611125621 0.65026734108304818 0.1071246827976975
0.38578278302506736 0.64660610671025776 0.11142313995517626
0.13722494740645103 0.63990736026874051 0.13722494640644745
0.61242545835098905 0.28440214454694279 0.10382359546406987
0.51288794199449217 0.10304952786194502 0.10304952686194387
0.21252197365118494 0.26832217535606084 0.092566990774136951
0.93736905198897336 0.4696987820485653 0.11713106311210983
0.10414937536782246 0.10414937536782352 0.10414937436782072
0.060036951549871931 0.26229880898958541 0.060036950549869718
0.71367128146993764 0.83658093984737525 0.10891894305153094
0.3090610762050266 0.10078986506510725 0.10078986406510515
0.49616888756675664 0.83691617370144333 0.10858370919746996
0.94076072826259283 0.11373938783849731 0.11373938683849687
0.40675790887684854 0.2784161492071705 0.10193104736787879
0.087028812345211926 0.85847107155370206 0.087028811345211024
0.81355774739695819 0.650662065149887 0.1021335007726719
0.28029345551522089 0.83820431686081243 0.10729556603810043
0.98509509215978119 0.65002608583183485 0.069405022941306682
0.81675288988753858 0.28849574771674052 0.10054483865733065
0.98589349633573553 0.29041168053244204 0.068606618765349806
